PDEW 2012 07 04 11 12 09.93   37.47470  16.79880  38.4  0.0  4.5 IONIAN SEA
event name:     20120704_0000012
time shift:         0.0000
half duration:      0.50000
latitude:             4149053.8572
longitude:            659056.5459
depth:                38.4000
Mrr:             0.212000E+22
Mtt:             0.822000E+22
Mpp:             0.371000E+22
Mrt:             0.136000E+22
Mrp:            -0.306000E+22
Mtp:            -0.348000E+22