PDEW2015 11 17  7 10  7.30  38.6700   20.6000  11.0 0.0 6.5 GREECE                                  
event name:     201511170710A  
time shift:      0.0000
half duration:   4.3000
latitude:       87168
longitude:      212854
depth:          15.0000
Mrr:       9.970000e+23
Mtt:       4.510000e+25
Mpp:      -4.610000e+25
Mrt:       2.910000e+25
Mrp:      -1.120000e+25
Mtp:       4.540000e+25