 PDEW2024  8  1 19 43 20.70  39.4000   16.7500  30.0 0.0 5.1 SOUTHERN ITALY                          
event name:     202408011943A  
time shift:      0.0000
half duration:   0.9000
latitude:       4368261.6052
longitude:      654878.0143
depth:          26.3200
Mrr:      -1.910000e+23
Mtt:       4.040000e+23
Mpp:      -2.130000e+23
Mrt:       2.170000e+23
Mrp:      -3.840000e+23
Mtp:       2.410000e+23