PDEW2020  3 21  0 49 51.40  39.3600   20.6400  10.0 0.0 5.7 GREECE-ALBANIA BORDER RE                
event name:     202003210049A  
time shift:      0.0000
half duration:   3.3000
latitude:       154975
longitude:      217107
depth:          13.5700
Mrr:       4.230000E+24
Mtt:      -1.730000E+24
Mpp:      -2.500000E+24
Mrt:       2.430000E+24
Mrp:      -4.530000E+22
Mtp:       2.230000E+24