PDEW 2022 10 12 22 44 55.10   38.9000   16.6200  32.0 0.0 4.3 SOUTHERN ITALY
event name: 	20221012_0000192
time shift:     	0.0000
half duration:  	0.5000
latitude:         	4299875.6041
longitude:        	643470.3030
depth:            	32.0000
Mrr:         	2.030000E+22
Mtt:        	-2.040000E+22
Mpp:         	2.000000E+20
Mrt:         	1.070000E+22
Mrp:         	1.700000E+22
Mtp:        	-1.790000E+22