PDEW2022  9  8  7 36 23.20  37.8900   20.1000  10.5 0.0 5.5 IONIAN SEA                              
event name:     202209080736A  
time shift:      4.6300
half duration:   1.4000
latitude:       -3794
longitude:      189002
depth:          15.0000
Mrr:       9.160000e+22
Mtt:       2.080000e+24
Mpp:      -2.170000e+24
Mrt:       3.310000e+22
Mrp:      -1.140000e+24
Mtp:      -8.400000e+22