PDEW2018 10 25 22 54 52.60  37.5200   20.5600  14.0 0.0 6.8 IONIAN SEA         
event name:     201810252254A  
time shift:      0.0000
half duration:   5.2000
latitude:       -48857
longitude:      231505
depth:          16.0000
Mrr:       3.860000e+25
Mtt:       2.750000e+25
Mpp:      -6.610000e+25
Mrt:       1.760000e+26
Mrp:      -9.630000e+25
Mtp:       1.090000e+26