PDEW 2025 04 16 10 26 08.74  37.0000 16.0000  51.0  0.0  4.7 IONIAN SEA
event name:     20250416_0000012
time shift:         0.0000
half duration:      0.60000
latitude:             4160525.8492
longitude:            603299.5195
depth:                51.0000
Mrr:             5.331000E+22
Mtt:            -2.948000E+22
Mpp:            -2.383000E+22
Mrt:            -1.103000E+22
Mrp:            -1.534000E+22
Mtp:            -5.417000E+22