PDEW2024  3 29  7 12 48.30  37.3200   21.2800  29.4 0.0 5.8 SOUTHERN GREECE                         
event name:     202403290712A  
time shift:      0.0000
half duration:   3.03000
latitude:       -69627
longitude:      293268
depth:          28.8400
Mrr:       3.290000e+23
Mtt:      -5.980000e+24
Mpp:       5.650000e+24
Mrt:       1.500000e+24
Mrp:      -1.910000e+24
Mtp:      -4.030000e+24