PDEW 2014 04 05 10 24 46.10  38.820 17.180  64.0  0.0  4.8 SOUTHERN ITALY
event name:     20140405_0000014
time shift:         0.0000
half duration:      0.60000
latitude:             31409
longitude:            202961
depth:                64.0000
Mrr:             1.470000E+23
Mtt:            -0.920000E+23
Mpp:            -0.550000E+23
Mrt:             0.4003000E+23
Mrp:            -0.590000E+23
Mtp:            -1.140000E+23